113808
113809
113810
113811
113812
113813
113815
113817
113818
113819
113820
113821
113824
113826
113855
113859
113863
113929
113932
113997
114100
114106
114109
114112
114116
114117
114130
114131
114149
114150
114152
114155
114159
114165
114166
114170
114171
114177
114178
114196
114197
114200
114203
114205
114207
114208
114209
114211
114212
114214
114216
114218
114221
114222
114224
114226
114228
114229
114231
114235
114237
114239
114243
114246
114247
114248
114252
114253
114254
114256
114258
114260
114262
114264
114268
114271
114275
114276
114277
114278
114284
114285
114286
114287
114291
114292
114293
114295
114296
114299
114300
114301
114303
114304
114306
114307
114311
114312
114314
114315
114316
114320
114321
114325
114326
114334
114336
114340
114356
114359
114362
114370
114371
114373
114377
114382
114389
114390
114394
114399
114400
114404
114407
114408
114412
114414
114418
114440
114442
114447
114457
114458
114462
114463
114464
114465
114467
114472
114473
114474
114475
114477
114479
114480
114483
114488
114491
114493
114494
114497
114498
114499
114503
114504
114507
114508
114510
114512
114518
114521
114525
114526
114527
114531
114532
114534
114536
114537
114538
114547
