111460
111461
111464
111468
111469
111470
111471
111475
111479
111480
111481
111482
111483
111484
111485
111487
111488
111489
111490
111491
111492
111493
111494
111500
113124
113125
113126
113127
113128
113129
113130
113131
113132
113133
113134
113135
113136
113137
113138
113139
113140
113141
113142
113143
113144
113145
113146
113147
113148
113149
113150
113151
113152
113153
113154
113155
113156
113157
113160
113161
113162
113164
113165
113166
113169
113172
113173
113178
113180
113182
113183
113186
113188
113189
113190
113191
113192
113193
113194
113195
113196
113198
113199
113200
113201
113202
113205
113206
113208
113209
113210
113211
113212
113213
113214
113215
113216
113217
113218
113219
113220
113221
113222
113223
113224
113225
113226
113227
113228
113229
113230
113231
113232
113233
113234
113235
113236
113238
113239
113240
113241
113242
113243
113244
113245
113246
113247
113248
113249
113250
113251
113252
113253
113254
113255
113256
113257
113258
113259
113260
113261
113262
113263
113264
113265
113266
113267
113269
113270
113271
113272
113273
113274
113275
113276
113277
113278
113279
113280
113281
113282
113283
113284
113286
113288
113289
113290
113291
113294
113295
113300
113301
113302
113303
113306
113308
113309
113311
113318
113319
113322
113323
113324
113325
113326
113327
113328
113329
113330
113331
113332
113333
113334
113335
113336
113337
113338
111460
111461
111464
111468
111469
111470
111471
111475
111479
111480
111481
111482
111483
111484
111485
111487
111488
111489
111490
111491
111492
111493
111494
111500
113124
113125
113126
113127
113128
113129
113130
113131
113132
113133
113134
113135
113136
113137
113138
113139
113140
113141
113142
113143
113144
113145
113146
113147
113148
113149
113150
113151
113152
113153
113154
113155
113156
113157
113160
113161
113162
113164
113165
113166
113169
113172
113173
113178
113180
113182
113183
113186
113188
113189
113190
113191
113192
113193
113194
113195
113196
113198
113199
113200
113201
113202
113205
113206
113208
113209
113210
113211
113212
113213
113214
113215
113216
113217
113218
113219
113220
113221
113222
113223
113224
113225
113226
113227
113228
113229
113230
113231
113232
113233
113234
113235
113236
113238
113239
113240
113241
113242
113243
113244
113245
113246
113247
113248
113249
113250
113251
113252
113253
113254
113255
113256
113257
113258
113259
113260
113261
113262
113263
113264
113265
113266
113267
113269
113270
113271
113272
113273
113274
113275
113276
113277
113278
113279
113280
113281
113282
113283
113284
113286
113288
113289
113290
113291
113294
113295
113300
113301
113302
113303
113306
113308
113309
113311
113318
113319
113322
113323
113324
113325
113326
113327
113328
113329
113330
113331
113332
113333
113334
113335
113336
113337
113338
